1 -0.125
15 -0.105
22 -0.395
68 -0.28
71 -0.51
89 -0.98
104 -0.37
165 -0.165
287 -0.38
353 -0.23
369 -0.05
379 -0.37
423 -0.265
426 -0.495
443 -0.935
457 -0.315
535 -0.085
611 -0.32
695 -0.275
718 -0.01
726 -0.305
772 -0.28
791 -0.925
806 -0.295
886 -0.065
953 -0.335
1054 -0.32
1080 -0.04
1088 -0.35
1130 -0.38
1135 -0.22
1139 -0.515
1156 -0.945
1172 -0.28
1238 -0.13
1342 -0.375
1425 -0.09
1431 -0.345
1475 -0.295
1492 -0.915
1498 -0.835
1508 -0.3
1574 -0.045
1600 -0.24
1650 -0.23
1661 -0.41
1663 -0.26
1724 -0.3
1727 -0.12
1753 0.005
1760 -0.28
1776 -0.39
1779 -0.255
1801 -0.36
1822 -0.955
1834 -0.235
1856 -0.26
1860 -0.075
1909 -0.01
2006 -0.41
2075 -0.295
2090 -0.105
2098 -0.39
2141 -0.465
2158 -1
2171 -0.355
2239 -0.1
2290 -0.31
2417 -0.32
2442 -0.045
2450 -0.32
2498 -0.385
2518 -0.975
2531 -0.36
2604 -0.07
2652 -0.315
2790 -0.38
2817 -0.085
2824 -0.36
2871 -0.395
2889 -1.015
2905 -0.335
2983 -0.12
3070 -0.405
3142 -0.35
3164 -0.1
3173 -0.37
3221 -0.435
3238 -1.07
3253 -0.395
3320 -0.155
3352 -0.365
3496 -0.38
3521 -0.14
3527 -0.41
3575 -0.42
3595 -0.985
3609 -0.335
3679 -0.13
3706 -0.28
3833 -0.255
3853 -0.01
3862 -0.3
3908 -0.27
3926 -0.885
3939 -0.255
4004 -0.015
4082 -0.27
4090 -0.455
4104 0.255
4109 0.245
4114 -0.145
4117 -0.58
4122 -0.285
4151 -0.38
4188 -0.12
4198 -0.455
4225 -0.315
4510 -0.195
4535 0.075
4542 -0.205
4584 -0.19
4587 -0.41
4604 -0.785
4622 -0.125
4687 -0.02
4792 -0.255
4869 -0.16
4897 0.05
4905 -0.245
4952 -0.21
4972 -0.835
4986 -0.195
5059 0.05
5170 -0.255
5253 -0.18
5276 0.035
5284 -0.29
5331 -0.32
5349 -0.885
5356 -0.725
5364 -0.255
5431 0.025
5518 -0.3
5632 -0.195
5647 0.01
5655 -0.295
5699 -0.345
5717 -0.94
5731 -0.235
5796 0.005
5884 -0.29
5887 -0.16
5896 -0.365
5900 -0.215
5920 -0.275
5923 -0.1
5926 -0.265
5945 -0.245
5948 -0.095
6002 -0.27
6005 -0.12
6023 -0.195
6045 0.045
6052 -0.225
6093 -0.325
6096 -0.1
6115 -0.805
6128 -0.185
6180 -0.015
6235 -0.235
6259 -0.15
6297 -0.365
6388 -0.275
6409 -0.015
6420 -0.32
6462 -0.265
6478 -0.86
6483 -0.815
6492 -0.295
6560 -0.005
6590 -0.16
6761 -0.29
6792 -0.22
6795 -0.05
6810 -0.035
6819 -0.34
6823 -0.195
6874 -0.46
6885 -0.875
6892 -0.74
6900 -0.28
6978 -0.025
7083 -0.34
7191 -0.26
7213 0
7223 -0.34
7263 -0.385
7270 -0.235
7287 -0.945
7302 -0.285
7367 -0.055
7419 -0.27
7601 -0.175
7618 -0.01
7625 -0.3
7670 -0.245
7686 -0.83
7693 -0.725
7700 -0.3
7771 -0.02
7867 -0.315
7971 -0.195
7985 0
7995 -0.3
8041 -0.315
8058 -0.885
8071 -0.275
8136 -0.04
8211 -0.325
8332 -0.295
8359 0.025
8367 -0.315
8412 -0.27
8433 -0.86
8447 -0.275
8518 -0.035
8619 -0.28
8709 -0.205
8734 0.035
8743 -0.265
8786 -0.235
8805 -0.86
8821 -0.195
8882 -0.025
9000 -0.275
