10000 3828 5799.97
20000 4654.33 7348.63
30000 6516.67 8973.76
40000 8998 10648.5
50000 8886 12360.3
60000 11839.7 14101.4
70000 13275.3 15867
80000 14941.7 17653.6
90000 18478 19458.5
100000 22956.3 21279.6
110000 26731 23115.4
120000 30577 24964.5
130000 30630 26825.8
140000 27317 28698.3
150000 30613 30581.3
160000 32921 32474
170000 35145.7 34375.9
180000 40352 36286.4
190000 40262 38205
200000 41436 40131.3
210000 40375.3 42064.9
220000 43331.7 44005.5
230000 44546.7 45952.7
240000 47002 47906.3
250000 50200.7 49865.9
260000 57356.3 51831.5
270000 54366.3 53802.6
280000 54521.3 55779.1
290000 56824.3 57760.9
300000 58218 59747.7
310000 62395.3 61739.4
320000 65108 63735.8
330000 63431.3 65736.8
340000 65392 67742.2
350000 67757.3 69751.8
360000 85553.7 71765.7
370000 79359.3 73783.6
380000 77155 75805.5
390000 79285.3 77831.3
400000 77195 79860.7
410000 83644.7 81893.9
420000 80509 83930.5
430000 85746 85970.7
440000 93243 88014.3
450000 87242.7 90061.2
460000 91328.3 92111.3
470000 91889 94164.6
480000 92117.7 96221.1
490000 94297 98280.5
500000 96859.3 100343
