100 50750 53042.8
110 52479 64118
120 64496 76936.2
130 83179 91697.5
140 119724 108602
150 128840 127850
160 173053 149642
170 162271 174178
180 192487 201658
190 288462 232282
200 281473 266251
210 291118 303764
220 350273 345023
230 390180 390226
240 425890 439574
250 486229 493268
260 548215 551508
270 611048 614493
280 694944 682424
290 744723 755501
300 826684 833925
310 899255 917895
320 987676 1.00761e+06
330 1.10708e+06 1.10328e+06
340 1.21771e+06 1.20509e+06
350 1.29418e+06 1.31325e+06
360 1.41504e+06 1.42795e+06
370 1.58672e+06 1.5494e+06
380 1.65382e+06 1.6778e+06
390 1.78623e+06 1.81335e+06
400 2.0014e+06 1.95625e+06
410 2.08255e+06 2.1067e+06
420 2.25896e+06 2.26489e+06
430 2.46228e+06 2.43103e+06
440 2.61992e+06 2.60533e+06
450 2.75972e+06 2.78797e+06
460 3.04062e+06 2.97916e+06
470 3.19302e+06 3.1791e+06
480 3.3808e+06 3.38799e+06
490 3.5927e+06 3.60603e+06
500 3.80326e+06 3.83342e+06
