10000 3828
20000 4654.33
30000 6516.67
40000 8998
50000 8886
60000 11839.7
70000 13275.3
80000 14941.7
90000 18478
100000 22956.3
110000 26731
120000 30577
130000 30630
140000 27317
150000 30613
160000 32921
170000 35145.7
180000 40352
190000 40262
200000 41436
210000 40375.3
220000 43331.7
230000 44546.7
240000 47002
250000 50200.7
260000 57356.3
270000 54366.3
280000 54521.3
290000 56824.3
300000 58218
310000 62395.3
320000 65108
330000 63431.3
340000 65392
350000 67757.3
360000 85553.7
370000 79359.3
380000 77155
390000 79285.3
400000 77195
410000 83644.7
420000 80509
430000 85746
440000 93243
450000 87242.7
460000 91328.3
470000 91889
480000 92117.7
490000 94297
500000 96859.3
