100 50750
110 52479
120 64496
130 83179
140 119724
150 128840
160 173053
170 162271
180 192487
190 288462
200 281473
210 291118
220 350273
230 390180
240 425890
250 486229
260 548215
270 611048
280 694944
290 744723
300 826684
310 899255
320 987676
330 1.10708e+06
340 1.21771e+06
350 1.29418e+06
360 1.41504e+06
370 1.58672e+06
380 1.65382e+06
390 1.78623e+06
400 2.0014e+06
410 2.08255e+06
420 2.25896e+06
430 2.46228e+06
440 2.61992e+06
450 2.75972e+06
460 3.04062e+06
470 3.19302e+06
480 3.3808e+06
490 3.5927e+06
500 3.80326e+06
