1000 47.4 36.8673
1100 63.8 43.7805
1200 60.6 50.7728
1300 60.4 57.8376
1400 78 64.9693
1500 72.2 72.1632
1600 76.4 79.415
1700 86 86.7211
1800 90 94.0784
1900 93.2 101.484
2000 109.8 108.935
2100 102.4 116.43
2200 111.4 123.966
2300 115.4 131.542
2400 134.6 139.156
2500 137.8 146.805
2600 138.2 154.49
2700 148.4 162.208
2800 167.8 169.958
2900 203.4 177.739
3000 205.8 185.55
3100 223.4 193.39
3200 227.4 201.258
3300 251.6 209.153
3400 247.8 217.075
3500 230.2 225.022
3600 209.8 232.994
3700 209 240.99
3800 217.4 249.01
3900 229.8 257.052
4000 218.4 265.117
4100 253 273.204
4200 242.6 281.311
4300 248.4 289.44
4400 256.8 297.588
4500 307.6 305.757
4600 331 313.944
4700 363.2 322.151
4800 391.2 330.376
4900 357 338.619
5000 376.6 346.88
